epoch,accuracy,f1,loss,val_accuracy,val_f1,val_loss
0,0.5583905577659607,0.5586341023445129,0.9780402183532715,0.8112244606018066,0.834821343421936,0.4503854215145111
1,0.6143277883529663,0.615161657333374,0.8496905565261841,0.8367347121238708,0.8571428060531616,0.432952880859375
2,0.6261039972305298,0.6260828971862793,0.8207700848579407,0.8877550959587097,0.901785671710968,0.4135841727256775
3,0.6339548826217651,0.6344424486160278,0.7700828909873962,0.8877550959587097,0.901785671710968,0.39975520968437195
4,0.6663395762443542,0.666565477848053,0.7194205522537231,0.8877550959587097,0.901785671710968,0.3759845793247223
5,0.6879293322563171,0.6884754300117493,0.7147265672683716,0.8877550959587097,0.901785671710968,0.36017051339149475
6,0.6781157851219177,0.6777564287185669,0.6740442514419556,0.8877550959587097,0.901785671710968,0.35703369975090027
7,0.6673209071159363,0.6672734618186951,0.7107455134391785,0.8877550959587097,0.901785671710968,0.3520839810371399
8,0.6977428793907166,0.697441577911377,0.6655256748199463,0.8877550959587097,0.901785671710968,0.349685400724411
9,0.6810598373413086,0.6806890368461609,0.6539832949638367,0.8877550959587097,0.901785671710968,0.3481287956237793
10,0.6859666109085083,0.6851722002029419,0.6791708469390869,0.8877550959587097,0.901785671710968,0.3455817997455597
11,0.6997056007385254,0.6993966698646545,0.6376094222068787,0.8877550959587097,0.901785671710968,0.3399781882762909
12,0.7114818692207336,0.7113965749740601,0.6085236072540283,0.8877550959587097,0.901785671710968,0.33783578872680664
13,0.725220799446106,0.7254862189292908,0.5837647318840027,0.8877550959587097,0.901785671710968,0.3358381986618042
14,0.7320902943611145,0.7319243550300598,0.5709617137908936,0.8877550959587097,0.901785671710968,0.33394452929496765
15,0.7105004787445068,0.7106887102127075,0.6005350947380066,0.8877550959587097,0.901785671710968,0.3337751626968384
16,0.738959789276123,0.73917156457901,0.5445964932441711,0.8877550959587097,0.901785671710968,0.3289283514022827
17,0.7212954163551331,0.7207672595977783,0.5959946513175964,0.8877550959587097,0.901785671710968,0.3265581429004669
18,0.7212954163551331,0.7215762138366699,0.5622378587722778,0.8877550959587097,0.901785671710968,0.32133692502975464
19,0.7419038414955139,0.7418344020843506,0.5356315970420837,0.8877550959587097,0.901785671710968,0.32042378187179565
20,0.7664377093315125,0.766137421131134,0.5214644074440002,0.8775510191917419,0.8928570747375488,0.31671813130378723
21,0.7634935975074768,0.7634745240211487,0.5141394734382629,0.8775510191917419,0.8928570747375488,0.3129746615886688
22,0.7595682144165039,0.7598341703414917,0.5275712013244629,0.8775510191917419,0.8928570747375488,0.31954213976860046
23,0.7703630924224854,0.7705867886543274,0.4865471124649048,0.8775510191917419,0.8928570747375488,0.3142842650413513
24,0.7723258137702942,0.7726766467094421,0.4976157248020172,0.8775510191917419,0.8928570747375488,0.315682590007782
25,0.7811579704284668,0.7813394665718079,0.4767579734325409,0.8775510191917419,0.8928570747375488,0.3085078299045563
26,0.7762512564659119,0.7765867114067078,0.47443345189094543,0.8775510191917419,0.8928570747375488,0.3041295111179352
27,0.7870461344718933,0.7873393893241882,0.4459889829158783,0.8775510191917419,0.8928570747375488,0.3057636022567749
28,0.8066732287406921,0.8068897128105164,0.432014524936676,0.8724489808082581,0.8883928060531616,0.3082503378391266
29,0.8047105073928833,0.8041257262229919,0.44759535789489746,0.8724489808082581,0.8883928060531616,0.30910423398017883
30,0.810598611831665,0.8107998371124268,0.41158750653266907,0.8724489808082581,0.8883928060531616,0.30296874046325684
31,0.8243376016616821,0.8240805864334106,0.41574907302856445,0.8775510191917419,0.8928570747375488,0.30046287178993225
32,0.828262984752655,0.828529953956604,0.40108174085617065,0.8775510191917419,0.8928570747375488,0.296855628490448
33,0.8164867758750916,0.8165300488471985,0.4089963436126709,0.8724489808082581,0.8883928060531616,0.2957555949687958
34,0.8204121589660645,0.8200356960296631,0.3977451026439667,0.8724489808082581,0.8883928060531616,0.2963569164276123
35,0.8243376016616821,0.8244850635528564,0.41475245356559753,0.8724489808082581,0.8883928060531616,0.28961387276649475
36,0.8253189325332642,0.825058102607727,0.3803630471229553,0.8775510191917419,0.8928570747375488,0.28637242317199707
37,0.8469087481498718,0.8469679951667786,0.3818266689777374,0.8775510191917419,0.8928570747375488,0.2824208736419678
38,0.8302257061004639,0.8303500413894653,0.38726571202278137,0.8724489808082581,0.8883928060531616,0.2884705364704132
39,0.8380765318870544,0.8380354642868042,0.3693585693836212,0.8724489808082581,0.8883928060531616,0.2932514548301697
40,0.8174681067466736,0.8179120421409607,0.40718525648117065,0.8724489808082581,0.8883928060531616,0.28200942277908325
41,0.8312070369720459,0.830788254737854,0.38289737701416016,0.8724489808082581,0.8883928060531616,0.2778914272785187
42,0.844946026802063,0.8446083664894104,0.3541110157966614,0.8775510191917419,0.8928570747375488,0.2857172191143036
43,0.8488714694976807,0.8486533761024475,0.35837024450302124,0.8775510191917419,0.8928570747375488,0.2819196879863739
44,0.8518155217170715,0.8519903421401978,0.34976160526275635,0.8775510191917419,0.8928570747375488,0.27851602435112
45,0.8665358424186707,0.8665182590484619,0.34507879614830017,0.8775510191917419,0.8928570747375488,0.2760184407234192
46,0.8557409048080444,0.8550914525985718,0.3561822175979614,0.8775510191917419,0.8928570747375488,0.28398454189300537
47,0.8537782430648804,0.8534060716629028,0.34688758850097656,0.8724489808082581,0.8883928060531616,0.28108224272727966
48,0.8645731210708618,0.8648328185081482,0.33430060744285583,0.8775510191917419,0.8928570747375488,0.2824211120605469
49,0.8577036261558533,0.8578554391860962,0.3514975309371948,0.8775510191917419,0.8928570747375488,0.2789555490016937
50,0.863591730594635,0.8638554215431213,0.34463149309158325,0.8775510191917419,0.8928570747375488,0.274107426404953
51,0.8577036261558533,0.8575857877731323,0.3301992416381836,0.8775510191917419,0.8928570747375488,0.27724024653434753
52,0.8596663475036621,0.8595407605171204,0.3237210810184479,0.8775510191917419,0.8928570747375488,0.2735218405723572
53,0.861629068851471,0.8613609671592712,0.338692307472229,0.8775510191917419,0.8928570747375488,0.2676466107368469
54,0.8871442675590515,0.8873157501220703,0.3155333697795868,0.8775510191917419,0.8928570747375488,0.2681104242801666
55,0.861629068851471,0.8616306781768799,0.32148072123527527,0.8775510191917419,0.8928570747375488,0.2695034444332123
56,0.8783120512962341,0.8781138062477112,0.30578166246414185,0.8775510191917419,0.8928570747375488,0.26723960041999817
57,0.8684985041618347,0.8686081171035767,0.31138142943382263,0.8775510191917419,0.8928570747375488,0.26548415422439575
58,0.8734052777290344,0.8737654089927673,0.3051066994667053,0.8775510191917419,0.8928570747375488,0.2697516977787018
59,0.8812561631202698,0.881181001663208,0.3009985387325287,0.8775510191917419,0.8928570747375488,0.27242013812065125
60,0.8832188248634338,0.882866382598877,0.2923571467399597,0.8775510191917419,0.8928570747375488,0.2699020206928253
61,0.8743866682052612,0.8742035627365112,0.3106447458267212,0.8724489808082581,0.8883928060531616,0.27796754240989685
62,0.8773307204246521,0.8771361112594604,0.30556321144104004,0.8673469424247742,0.8839284777641296,0.27675512433052063
63,0.8842002153396606,0.8838438987731934,0.2906438112258911,0.8724489808082581,0.8883928060531616,0.27015548944473267
64,0.8832188248634338,0.8834056854248047,0.285318523645401,0.8775510191917419,0.8928570747375488,0.26397624611854553
65,0.8763493895530701,0.8762933015823364,0.2935532033443451,0.8826530575752258,0.897321343421936,0.26340997219085693
66,0.8753679990768433,0.8753159046173096,0.29856035113334656,0.8928571343421936,0.9062499403953552,0.2580997943878174
67,0.8940137624740601,0.8937537670135498,0.2617415487766266,0.8928571343421936,0.9062499403953552,0.25435489416122437
68,0.9008831977844238,0.9004616141319275,0.2808094918727875,0.8877550959587097,0.901785671710968,0.25469866394996643
69,0.8822374939918518,0.8821585178375244,0.2836751639842987,0.8877550959587097,0.901785671710968,0.25626298785209656
70,0.9008831977844238,0.9007312655448914,0.26963141560554504,0.8928571343421936,0.9062499403953552,0.25443723797798157
71,0.8851815462112427,0.885360598564148,0.3014565110206604,0.8826530575752258,0.897321343421936,0.25751903653144836
72,0.8940137624740601,0.8940234780311584,0.2762839198112488,0.8826530575752258,0.897321343421936,0.25560709834098816
73,0.9097154140472412,0.9099335074424744,0.26107820868492126,0.8775510191917419,0.8928570747375488,0.2586255967617035
74,0.9057899713516235,0.9058884978294373,0.26966243982315063,0.8826530575752258,0.897321343421936,0.25681889057159424
75,0.9057899713516235,0.9060233235359192,0.26098960638046265,0.8775510191917419,0.8928570747375488,0.26066434383392334
76,0.9106967449188232,0.9106413125991821,0.23868384957313538,0.8826530575752258,0.897321343421936,0.25388583540916443
77,0.9038273096084595,0.9036638736724854,0.25503280758857727,0.8826530575752258,0.897321343421936,0.25193366408348083
78,0.9165849089622498,0.9166411757469177,0.23188960552215576,0.8826530575752258,0.897321343421936,0.2481904923915863
79,0.8920510411262512,0.8919335603713989,0.2786051630973816,0.8928571343421936,0.9062499403953552,0.25180983543395996
80,0.8999018669128418,0.899214506149292,0.24738115072250366,0.8928571343421936,0.9062499403953552,0.2470777928829193
81,0.9028459191322327,0.9028211832046509,0.2541710436344147,0.8877550959587097,0.901785671710968,0.24766185879707336
82,0.9008831977844238,0.9008660912513733,0.2571505308151245,0.8775510191917419,0.8928570747375488,0.2522684335708618
83,0.9097154140472412,0.9096637964248657,0.23186704516410828,0.8775510191917419,0.8928570747375488,0.2520650029182434
84,0.9136407971382141,0.9133042097091675,0.24960942566394806,0.8724489808082581,0.8883928060531616,0.2528974115848541
85,0.9136407971382141,0.9139783978462219,0.2322564423084259,0.8724489808082581,0.8883928060531616,0.24993838369846344
86,0.9146221876144409,0.9146862030029297,0.2313939332962036,0.8826530575752258,0.897321343421936,0.24960649013519287
87,0.91167813539505,0.9116188883781433,0.23250170052051544,0.8775510191917419,0.8928570747375488,0.2513847053050995
88,0.9224730134010315,0.9225062727928162,0.22042810916900635,0.8724489808082581,0.8883928060531616,0.2519931495189667
89,0.91167813539505,0.9116188883781433,0.22655223309993744,0.8775510191917419,0.8928570747375488,0.250312477350235
90,0.9087340235710144,0.9088211059570312,0.231614887714386,0.8724489808082581,0.8883928060531616,0.24745318293571472
91,0.9097154140472412,0.9095290303230286,0.2389245480298996,0.8826530575752258,0.897321343421936,0.24738113582134247
92,0.9234543442726135,0.923618733882904,0.21479351818561554,0.8826530575752258,0.897321343421936,0.24793118238449097
93,0.9165849089622498,0.9165064096450806,0.21961753070354462,0.8826530575752258,0.897321343421936,0.24811816215515137
94,0.9077526926994324,0.9081131815910339,0.23529505729675293,0.8826530575752258,0.897321343421936,0.24841885268688202
95,0.915603518486023,0.9155289530754089,0.22716142237186432,0.8826530575752258,0.897321343421936,0.24880588054656982
96,0.915603518486023,0.9156635999679565,0.22558796405792236,0.8826530575752258,0.897321343421936,0.24896304309368134
97,0.9018645882606506,0.9021132588386536,0.23951008915901184,0.8826530575752258,0.897321343421936,0.24880295991897583
98,0.9234543442726135,0.9234839081764221,0.22460535168647766,0.8826530575752258,0.897321343421936,0.24893632531166077
