epoch,accuracy,f1,loss,val_accuracy,val_f1,val_loss
0,0.5289499759674072,0.5293084979057312,1.1449706554412842,0.581632673740387,0.6339285969734192,0.7139875292778015
1,0.583905816078186,0.5841844081878662,1.0128896236419678,0.6530612111091614,0.6964285969734192,0.5985469222068787
2,0.5917566418647766,0.5917348265647888,0.9395392537117004,0.7244898080825806,0.7589284777641296,0.5628625154495239
3,0.6270853877067566,0.6275997757911682,0.9202509522438049,0.7653061151504517,0.7946428060531616,0.5457852482795715
4,0.6153091192245483,0.6158695220947266,0.9206427931785583,0.7857142686843872,0.8124999403953552,0.5357313752174377
5,0.6310107707977295,0.6315097808837891,0.8173574805259705,0.7653061151504517,0.7946428060531616,0.5343510508537292
6,0.6526005864143372,0.6530151963233948,0.8652006983757019,0.7704081535339355,0.7991070747375488,0.5347625017166138
7,0.6624141335487366,0.6623857617378235,0.788871169090271,0.7857142686843872,0.8124999403953552,0.5380291938781738
8,0.6486751437187195,0.6485657095909119,0.8248171210289001,0.795918345451355,0.8214284777641296,0.5345752239227295
9,0.6624141335487366,0.6617116332054138,0.80339115858078,0.8265306353569031,0.8482142090797424,0.5318814516067505
10,0.6702649593353271,0.6703408360481262,0.7842342853546143,0.8367347121238708,0.8571428060531616,0.5277155637741089
11,0.6751717329025269,0.6754979491233826,0.7617548704147339,0.8418367505073547,0.8616070747375488,0.5290119647979736
12,0.6840039491653442,0.6837562918663025,0.7678655385971069,0.8469387888908386,0.866071343421936,0.5314216613769531
13,0.690873384475708,0.6904641389846802,0.7091978192329407,0.8775510191917419,0.8928570747375488,0.5245378613471985
14,0.6820412278175354,0.6820710897445679,0.7912399768829346,0.8775510191917419,0.8928570747375488,0.5254045128822327
15,0.6869480013847351,0.687228262424469,0.7578710913658142,0.8673469424247742,0.8839284777641296,0.5287793278694153
16,0.6869480013847351,0.6874979138374329,0.75516676902771,0.8826530575752258,0.897321343421936,0.5266168713569641
17,0.6938174962997437,0.693666398525238,0.6970183849334717,0.8928571343421936,0.9062499403953552,0.5183151960372925
18,0.6840039491653442,0.6840260028839111,0.7495383620262146,0.9030612111091614,0.9151784777641296,0.5136544704437256
19,0.7183513045310974,0.7176997065544128,0.7001916170120239,0.9030612111091614,0.9151784777641296,0.5128974914550781
20,0.7311089038848877,0.7310816049575806,0.6709935665130615,0.8979591727256775,0.9107142090797424,0.5090295672416687
21,0.7105004787445068,0.7106886506080627,0.6949234008789062,0.9132652878761292,0.9241070747375488,0.502581000328064
22,0.7212954163551331,0.7211716771125793,0.6675060987472534,0.9285714030265808,0.9374999403953552,0.4990460276603699
23,0.7105004787445068,0.7102840542793274,0.6912319660186768,0.9387755393981934,0.9464284777641296,0.49150198698043823
24,0.7222767472267151,0.7226884961128235,0.6573972702026367,0.9387755393981934,0.9151784777641296,0.48789000511169434
25,0.7203140258789062,0.7204636931419373,0.641813337802887,0.9234693646430969,0.901785671710968,0.48261144757270813
26,0.7379783987998962,0.7385984063148499,0.6079316735267639,0.8928571343421936,0.8749999403953552,0.48347678780555725
27,0.7291462421417236,0.7289919257164001,0.6201984882354736,0.8673469424247742,0.8526784777641296,0.4802599847316742
28,0.7458292245864868,0.7462837100028992,0.5830525159835815,0.8571428656578064,0.8437499403953552,0.4828028678894043
29,0.7311089038848877,0.7310816049575806,0.6222510933876038,0.8367347121238708,0.8258928060531616,0.47707393765449524
30,0.7576054930686951,0.7582835555076599,0.5969673991203308,0.8418367505073547,0.8303570747375488,0.4678123891353607
31,0.7497546672821045,0.7489804029464722,0.5631866455078125,0.8469387888908386,0.834821343421936,0.45868825912475586
32,0.7369970679283142,0.7369467616081238,0.6146425008773804,0.8367347121238708,0.8258928060531616,0.4543697237968445
33,0.7634935975074768,0.762935221195221,0.5846824645996094,0.8265306353569031,0.8169642090797424,0.4568292796611786
34,0.7487733364105225,0.7485421299934387,0.5459315776824951,0.8214285969734192,0.8124999403953552,0.44910088181495667
35,0.7684003710746765,0.7689014673233032,0.5440284609794617,0.8163265585899353,0.808035671710968,0.44933226704597473
36,0.7733071446418762,0.7732498049736023,0.5316641330718994,0.8010203838348389,0.7946428060531616,0.456765353679657
37,0.7733071446418762,0.7735193371772766,0.5249891877174377,0.7806122303009033,0.776785671710968,0.46385449171066284
38,0.7654563188552856,0.765429675579071,0.5232980847358704,0.795918345451355,0.7901784777641296,0.46420666575431824
39,0.7909715175628662,0.7911145687103271,0.5036152005195618,0.8214285969734192,0.8124999403953552,0.4508024752140045
40,0.7713444828987122,0.7711598873138428,0.5224322080612183,0.8112244606018066,0.803571343421936,0.45342040061950684
41,0.792934238910675,0.7923954725265503,0.500640332698822,0.8010203838348389,0.7946428060531616,0.45407065749168396
42,0.7860647439956665,0.7855528593063354,0.4989173114299774,0.7755101919174194,0.772321343421936,0.45752042531967163
43,0.7880274653434753,0.7884517312049866,0.5267248749732971,0.7755101919174194,0.772321343421936,0.45884665846824646
44,0.7782139182090759,0.7784069180488586,0.4945372939109802,0.7908163070678711,0.7857142090797424,0.4616350531578064
45,0.7831206917762756,0.7831597328186035,0.473663330078125,0.7448979616165161,0.745535671710968,0.46815741062164307
46,0.7870461344718933,0.7870697379112244,0.49102911353111267,0.7295918464660645,0.7321428060531616,0.47072839736938477
47,0.7899901866912842,0.7894629240036011,0.4927694499492645,0.7142857313156128,0.7187499403953552,0.4745234251022339
48,0.8086358904838562,0.8085751533508301,0.4618561565876007,0.7142857313156128,0.7187499403953552,0.4755830466747284
49,0.7958782911300659,0.795867383480072,0.4973754286766052,0.7142857313156128,0.7187499403953552,0.4763813316822052
50,0.7890088558197021,0.7891595959663391,0.5050379037857056,0.7091836929321289,0.714285671710968,0.4787651002407074
51,0.7968596816062927,0.797249436378479,0.46901199221611023,0.7091836929321289,0.714285671710968,0.47739267349243164
52,0.7890088558197021,0.7891597151756287,0.49626845121383667,0.704081654548645,0.709821343421936,0.47849413752555847
53,0.7899901866912842,0.7894629836082458,0.5079277753829956,0.7091836929321289,0.714285671710968,0.4781130254268646
54,0.7890088558197021,0.789294421672821,0.4994097054004669,0.704081654548645,0.709821343421936,0.4779408872127533
