epoch,accuracy,f1,loss,val_accuracy,val_f1,val_loss
0,0.5357561707496643,0.5357558727264404,1.1278456449508667,0.4099999964237213,0.4296874403953552,1.199735164642334
1,0.525205135345459,0.5258907079696655,1.1719646453857422,0.49000000953674316,0.6015624403953552,0.7827592492103577
2,0.5709261298179626,0.5705127716064453,0.9907342195510864,0.5400000214576721,0.5859374403953552,0.6777487397193909
3,0.6119577884674072,0.6115135550498962,0.9115114808082581,0.6200000047683716,0.6484374403953552,0.6526662707328796
4,0.6307151317596436,0.6309940814971924,0.8261833786964417,0.6200000047683716,0.6484374403953552,0.6360188722610474
5,0.6424384713172913,0.6426491141319275,0.7939416170120239,0.6499999761581421,0.7265624403953552,0.6153702139854431
6,0.6213364601135254,0.6218780875205994,0.830176055431366,0.699999988079071,0.7656249403953552,0.5891585350036621
7,0.6764361262321472,0.6770729422569275,0.7212106585502625,0.699999988079071,0.7656249403953552,0.5637281537055969
8,0.6764361262321472,0.6770729422569275,0.7400639057159424,0.75,0.8046874403953552,0.5257548689842224
9,0.7057444453239441,0.7055860757827759,0.6487954258918762,0.7300000190734863,0.7890624403953552,0.4960607886314392
10,0.7256740927696228,0.7256076335906982,0.611815333366394,0.800000011920929,0.8437499403953552,0.45417508482933044
11,0.7256740927696228,0.7253996729850769,0.6018729209899902,0.8100000023841858,0.8515624403953552,0.43407151103019714
12,0.7221571207046509,0.7223193049430847,0.641512393951416,0.8600000143051147,0.8906249403953552,0.42560064792633057
13,0.7620164155960083,0.7619463801383972,0.5868707299232483,0.8600000143051147,0.8906249403953552,0.41677016019821167
14,0.7385697364807129,0.7382201552391052,0.5860241651535034,0.8399999737739563,0.8749999403953552,0.43281352519989014
15,0.7561547756195068,0.7565351724624634,0.5403664708137512,0.8399999737739563,0.8749999403953552,0.4246123135089874
16,0.7573270797729492,0.7574924826622009,0.5580359101295471,0.8399999737739563,0.8749999403953552,0.41181087493896484
17,0.7878077626228333,0.7884199619293213,0.4827216863632202,0.8399999737739563,0.8749999403953552,0.40043744444847107
18,0.7901524305343628,0.7905429005622864,0.49488136172294617,0.8199999928474426,0.8593749403953552,0.39375635981559753
19,0.7948417067527771,0.7947884798049927,0.49636104702949524,0.8500000238418579,0.8828124403953552,0.38783878087997437
20,0.7889800667762756,0.7887528538703918,0.5151082873344421,0.8500000238418579,0.8828124403953552,0.384176105260849
21,0.7971863746643066,0.7967032790184021,0.49228641390800476,0.8500000238418579,0.8828124403953552,0.3806516230106354
22,0.7889800667762756,0.7881285548210144,0.4446059465408325,0.8600000143051147,0.8906249403953552,0.3652886152267456
23,0.8042203783988953,0.8041124939918518,0.42660313844680786,0.8899999856948853,0.9140624403953552,0.3547455668449402
24,0.8194607496261597,0.8196803331375122,0.4271201491355896,0.8799999952316284,0.9062499403953552,0.35889655351638794
25,0.8007034063339233,0.8001997470855713,0.4919932186603546,0.8899999856948853,0.9140624403953552,0.357881098985672
26,0.8194607496261597,0.8194721937179565,0.45892250537872314,0.8999999761581421,0.9218749403953552,0.34992432594299316
27,0.8171160817146301,0.8167250156402588,0.4453809857368469,0.8999999761581421,0.9218749403953552,0.3439255952835083
28,0.8382180333137512,0.8370794653892517,0.3950348198413849,0.8899999856948853,0.9140624403953552,0.34599751234054565
29,0.8335286974906921,0.8334581851959229,0.402685284614563,0.8899999856948853,0.9140624403953552,0.345384418964386
30,0.8452520370483398,0.8457375168800354,0.36767852306365967,0.8799999952316284,0.9062499403953552,0.34436458349227905
31,0.8358733654022217,0.8362054824829102,0.38464993238449097,0.8799999952316284,0.9062499403953552,0.3285483121871948
32,0.8300117254257202,0.829753577709198,0.4142182767391205,0.8899999856948853,0.9140624403953552,0.32237330079078674
33,0.8429073691368103,0.8429903388023376,0.37904343008995056,0.8700000047683716,0.8984374403953552,0.32872211933135986
34,0.8405627012252808,0.840451180934906,0.3693963587284088,0.8799999952316284,0.9062499403953552,0.320039302110672
35,0.8335286974906921,0.8330419063568115,0.3794468641281128,0.8999999761581421,0.9218749403953552,0.31310006976127625
36,0.8522860407829285,0.8529386520385742,0.3441811501979828,0.9200000166893005,0.9374999403953552,0.3057470917701721
37,0.8581477403640747,0.8575174808502197,0.3537217378616333,0.9200000166893005,0.9374999403953552,0.30196812748908997
38,0.8616647124290466,0.8620545268058777,0.315903902053833,0.9100000262260437,0.9296874403953552,0.30324214696884155
39,0.8558030724525452,0.8562271595001221,0.33530303835868835,0.8999999761581421,0.9218749403953552,0.30364400148391724
40,0.8698710203170776,0.8695887327194214,0.3050110340118408,0.8899999856948853,0.9140624403953552,0.3117382526397705
41,0.8769050240516663,0.8761654496192932,0.32125145196914673,0.8899999856948853,0.9140624403953552,0.308432400226593
42,0.8745603561401367,0.8742507696151733,0.3015909492969513,0.8899999856948853,0.9140624403953552,0.30409419536590576
43,0.8827667236328125,0.8828254342079163,0.3027085065841675,0.8899999856948853,0.9140624403953552,0.30203258991241455
44,0.8686987161636353,0.8688393831253052,0.3177638053894043,0.8899999856948853,0.9140624403953552,0.29780110716819763
45,0.8757327198982239,0.8760405778884888,0.3096754550933838,0.8899999856948853,0.9140624403953552,0.29109707474708557
46,0.8921453952789307,0.8917331099510193,0.2886695861816406,0.8899999856948853,0.9140624403953552,0.29192736744880676
47,0.8769050240516663,0.8774141073226929,0.3029855191707611,0.8799999952316284,0.9062499403953552,0.29344964027404785
48,0.8827667236328125,0.8826173543930054,0.3062072694301605,0.8799999952316284,0.9062499403953552,0.2909213900566101
49,0.8780773878097534,0.8785796761512756,0.28115206956863403,0.8700000047683716,0.8984374403953552,0.28908124566078186
50,0.8921453952789307,0.8927738666534424,0.29189378023147583,0.8899999856948853,0.9140624403953552,0.28694918751716614
51,0.9003517031669617,0.9007241725921631,0.2621917426586151,0.8899999856948853,0.9140624403953552,0.2880561649799347
52,0.8651816844940186,0.8649266958236694,0.3442944586277008,0.8899999856948853,0.9140624403953552,0.2898770272731781
53,0.8686987161636353,0.8684231042861938,0.30679771304130554,0.8799999952316284,0.9062499403953552,0.28972935676574707
54,0.9132473468780518,0.9135445952415466,0.2513435482978821,0.8700000047683716,0.8984374403953552,0.28263768553733826
55,0.8956623673439026,0.895645797252655,0.2870073616504669,0.8799999952316284,0.9062499403953552,0.27961793541908264
56,0.9003517031669617,0.9003079533576965,0.28431734442710876,0.8799999952316284,0.9062499403953552,0.2823690176010132
57,0.8991793394088745,0.8987261652946472,0.25866183638572693,0.8899999856948853,0.9140624403953552,0.2801526188850403
58,0.9085580110549927,0.908258318901062,0.2517628073692322,0.8799999952316284,0.9062499403953552,0.2794458866119385
59,0.901524007320404,0.901473343372345,0.22526013851165771,0.8799999952316284,0.9062499403953552,0.2797781825065613
60,0.880422055721283,0.8809105753898621,0.2759173810482025,0.8799999952316284,0.9062499403953552,0.2821425199508667
61,0.8956623673439026,0.8958540558815002,0.2619948983192444,0.8799999952316284,0.9062499403953552,0.27534523606300354
62,0.9132473468780518,0.9127121567726135,0.22723275423049927,0.8799999952316284,0.9062499403953552,0.2744995355606079
63,0.9237983822822571,0.9232016801834106,0.23796072602272034,0.8799999952316284,0.9062499403953552,0.2742200195789337
64,0.919109046459198,0.9187479019165039,0.23788607120513916,0.8799999952316284,0.9062499403953552,0.2749691903591156
65,0.9050410389900208,0.9049700498580933,0.2423163652420044,0.8799999952316284,0.9062499403953552,0.2687408924102783
66,0.8874560594558716,0.886863112449646,0.2636973261833191,0.8799999952316284,0.9062499403953552,0.26628726720809937
67,0.9038686752319336,0.9040126204490662,0.23612619936466217,0.8799999952316284,0.9062499403953552,0.261778861284256
68,0.8792496919631958,0.8789126873016357,0.27855825424194336,0.9100000262260437,0.9296874403953552,0.2574694752693176
69,0.9167643785476685,0.9164167642593384,0.2360132485628128,0.9100000262260437,0.9296874403953552,0.2523842751979828
70,0.9214537143707275,0.9217031002044678,0.24315454065799713,0.9100000262260437,0.9296874403953552,0.2519885301589966
71,0.9097303748130798,0.9098400473594666,0.269054651260376,0.9100000262260437,0.9296874403953552,0.2526684105396271
72,0.9155920147895813,0.9146268367767334,0.22640235722064972,0.9100000262260437,0.9296874403953552,0.25186434388160706
73,0.9214537143707275,0.9219112992286682,0.22861093282699585,0.9300000071525574,0.9453124403953552,0.25119560956954956
74,0.9214537143707275,0.9217032194137573,0.21677206456661224,0.9300000071525574,0.9453124403953552,0.25521689653396606
75,0.9085580110549927,0.9086745381355286,0.220988467335701,0.9200000166893005,0.9374999403953552,0.25798937678337097
76,0.9296600222587585,0.9298616647720337,0.21589726209640503,0.9100000262260437,0.9296874403953552,0.260079562664032
77,0.901524007320404,0.9018895626068115,0.24387285113334656,0.9100000262260437,0.9296874403953552,0.26177552342414856
78,0.9085580110549927,0.9076340198516846,0.2376038283109665,0.9100000262260437,0.9296874403953552,0.26396849751472473
79,0.9249706864356995,0.9254079461097717,0.21418021619319916,0.9100000262260437,0.9296874403953552,0.2634774148464203
80,0.9226260185241699,0.9224525094032288,0.21396903693675995,0.8899999856948853,0.9140624403953552,0.26103535294532776
81,0.9144197106361389,0.9147101044654846,0.21685026586055756,0.8799999952316284,0.9062499403953552,0.2609390914440155
82,0.9132473468780518,0.9135446548461914,0.22916069626808167,0.8899999856948853,0.9140624403953552,0.25766506791114807
83,0.9179366827011108,0.9177903532981873,0.22720764577388763,0.8999999761581421,0.9218749403953552,0.25735771656036377
84,0.9320046901702881,0.9321925640106201,0.18744608759880066,0.9100000262260437,0.9296874403953552,0.257676362991333
85,0.9202813506126404,0.920121431350708,0.21632082760334015,0.9100000262260437,0.9296874403953552,0.2581595778465271
86,0.9179366827011108,0.9173742532730103,0.22270601987838745,0.8999999761581421,0.9218749403953552,0.2584785521030426
87,0.9144197106361389,0.9142938852310181,0.22024725377559662,0.8999999761581421,0.9218749403953552,0.2572557330131531
88,0.9226260185241699,0.9226605296134949,0.2132306843996048,0.8999999761581421,0.9218749403953552,0.25725412368774414
89,0.9167643785476685,0.915584146976471,0.2276141345500946,0.8999999761581421,0.9218749403953552,0.25803259015083313
