epoch,accuracy,f1,loss,val_accuracy,val_f1,val_loss
0,0.5521783232688904,0.5516352653503418,1.271103858947754,0.5969387888908386,0.5223214030265808,0.6386705636978149
1,0.5440729260444641,0.5437573790550232,1.2332085371017456,0.7551020383834839,0.7544642090797424,0.568885326385498
2,0.6119554042816162,0.6127911806106567,1.0414913892745972,0.7857142686843872,0.7812499403953552,0.5236449837684631
3,0.5937183499336243,0.5940859913825989,1.1077206134796143,0.7908163070678711,0.7857142090797424,0.49374350905418396
4,0.5947315096855164,0.5949074029922485,1.0813738107681274,0.8061224222183228,0.7991070747375488,0.47081616520881653
5,0.6342452168464661,0.6344085931777954,1.0189766883850098,0.8112244606018066,0.772321343421936,0.441959410905838
6,0.6514691114425659,0.6521056890487671,0.8879305720329285,0.8214285969734192,0.8437499403953552,0.42743074893951416
7,0.6697061657905579,0.6689440608024597,0.8625741004943848,0.8265306353569031,0.8482142090797424,0.4066804349422455
8,0.6575481295585632,0.6577807068824768,0.8591407537460327,0.8571428656578064,0.8437499403953552,0.3890759348869324
9,0.6757851839065552,0.6757392287254333,0.8398663997650146,0.8622449040412903,0.8482142090797424,0.37827932834625244
10,0.6808510422706604,0.6805928349494934,0.8222273588180542,0.8724489808082581,0.8883928060531616,0.3659249544143677
11,0.6919959187507629,0.6926149725914001,0.8259868025779724,0.8775510191917419,0.8303570747375488,0.3565491735935211
12,0.6970617771148682,0.6974685788154602,0.7960305213928223,0.8826530575752258,0.866071343421936,0.3409411311149597
13,0.7011144757270813,0.7005674839019775,0.7931505441665649,0.8826530575752258,0.897321343421936,0.3348996937274933
14,0.6788247227668762,0.6785767078399658,0.8187668919563293,0.8877550959587097,0.901785671710968,0.3316221833229065
15,0.7244174480438232,0.724686324596405,0.7148581743240356,0.8877550959587097,0.901785671710968,0.3301817774772644
16,0.716312050819397,0.7162484526634216,0.7248450517654419,0.8826530575752258,0.897321343421936,0.3330129086971283
17,0.7284700870513916,0.7289052605628967,0.7060387134552002,0.8877550959587097,0.901785671710968,0.3298018276691437
18,0.7203647494316101,0.7204673886299133,0.7148790955543518,0.8877550959587097,0.901785671710968,0.32944682240486145
19,0.7264437675476074,0.7265157103538513,0.6844297647476196,0.8877550959587097,0.901785671710968,0.3220445215702057
20,0.7315096259117126,0.7313694357872009,0.6812729239463806,0.8826530575752258,0.834821343421936,0.32953187823295593
21,0.7456940412521362,0.7460423707962036,0.6704477071762085,0.8826530575752258,0.866071343421936,0.3209776282310486
22,0.740628182888031,0.7400686144828796,0.6713753342628479,0.8826530575752258,0.866071343421936,0.3101656436920166
23,0.7446808218955994,0.7446609735488892,0.6255974173545837,0.8826530575752258,0.897321343421936,0.30589812994003296
24,0.740628182888031,0.740628719329834,0.6624490022659302,0.8826530575752258,0.8973214030265808,0.3077682852745056
25,0.7507598996162415,0.7501493096351624,0.606326699256897,0.8826530575752258,0.866071343421936,0.3005642890930176
26,0.7436676621437073,0.743652880191803,0.6520936489105225,0.8877550959587097,0.9017857313156128,0.2963238060474396
27,0.7507598996162415,0.7503359913825989,0.6383997797966003,0.8724489808082581,0.8571428060531616,0.28931817412376404
28,0.7419354915618896,0.7419354319572449,0.6546149849891663,0.8877550959587097,0.901785671710968,0.2885938882827759
29,0.7304964661598206,0.730548083782196,0.6213234066963196,0.8775510191917419,0.8616070747375488,0.2887064218521118
30,0.7537993788719177,0.754106879234314,0.6212582588195801,0.8673469424247742,0.8526784777641296,0.28304439783096313
31,0.7517730593681335,0.7517173290252686,0.5607286095619202,0.8775510191917419,0.8616070747375488,0.2753075659275055
32,0.7659574747085571,0.7650836110115051,0.6095152497291565,0.8775510191917419,0.8928570747375488,0.2766018211841583
33,0.7679837942123413,0.7682197690010071,0.5731343030929565,0.8775510191917419,0.8616070747375488,0.2717163860797882
34,0.7841945290565491,0.7841621041297913,0.547401487827301,0.8775510191917419,0.8928570747375488,0.2660553455352783
35,0.7649442553520203,0.7655689716339111,0.5835862159729004,0.8775510191917419,0.8928571343421936,0.2614569067955017
36,0.7760891318321228,0.7766576409339905,0.5463193655014038,0.8775510191917419,0.8928570747375488,0.2538507580757141
37,0.7791286706924438,0.7793084979057312,0.5583183765411377,0.8877550959587097,0.901785671710968,0.25134530663490295
38,0.7740628123283386,0.7748281955718994,0.5093516707420349,0.8877550959587097,0.901785671710968,0.2561558187007904
39,0.7558257579803467,0.7561230063438416,0.578884482383728,0.8928571343421936,0.9062499403953552,0.2542790174484253
40,0.7993921041488647,0.7996564507484436,0.5456774234771729,0.8826530575752258,0.834821343421936,0.24365977942943573
41,0.7629179358482361,0.7626194357872009,0.5694820284843445,0.8928571343421936,0.8749999403953552,0.24655286967754364
42,0.783181369304657,0.7835274338722229,0.5308789014816284,0.8928571343421936,0.9062499403953552,0.23837393522262573
43,0.7659574747085571,0.7658303380012512,0.5550500154495239,0.8775510191917419,0.8928570747375488,0.24091006815433502
44,0.7953394055366516,0.7950642108917236,0.5014972686767578,0.8877550959587097,0.901785671710968,0.23687469959259033
45,0.761904776096344,0.7614246606826782,0.5713050961494446,0.8928571343421936,0.9062499403953552,0.2314009815454483
46,0.7892603874206543,0.7892023921012878,0.49019336700439453,0.8979591727256775,0.8794642090797424,0.22850976884365082
47,0.7902735471725464,0.789837121963501,0.48548999428749084,0.9081632494926453,0.9196428060531616,0.2287653684616089
48,0.7912867069244385,0.7917786240577698,0.5131393671035767,0.9081632494926453,0.8883928656578064,0.2277643233537674
49,0.7912867069244385,0.7915919423103333,0.5024269819259644,0.9081632494926453,0.9196428060531616,0.22549192607402802
50,0.80445796251297,0.8045101165771484,0.46898922324180603,0.9132652878761292,0.9241070747375488,0.22620177268981934
51,0.7993921041488647,0.7985364198684692,0.49550458788871765,0.8928571343421936,0.9062499403953552,0.22271551191806793
52,0.8196555376052856,0.8194444179534912,0.505874752998352,0.9030612111091614,0.9151784777641296,0.22183433175086975
53,0.7902735471725464,0.7903972268104553,0.5218919515609741,0.9081632494926453,0.9196428060531616,0.2203674167394638
54,0.7902735471725464,0.7905839085578918,0.5036936402320862,0.8979591727256775,0.9107142090797424,0.22618216276168823
55,0.7892603874206543,0.7886424660682678,0.4923691749572754,0.9030612111091614,0.8839284777641296,0.2208368331193924
56,0.7801418304443359,0.7806898951530457,0.5375789999961853,0.9132652878761292,0.9241070747375488,0.21997159719467163
57,0.8034448027610779,0.8036887049674988,0.4893556535243988,0.9030612111091614,0.9151784777641296,0.22194944322109222
58,0.8064842820167542,0.8070862889289856,0.4631483256816864,0.9234693646430969,0.901785671710968,0.221035435795784
59,0.802431583404541,0.8024939894676208,0.47899240255355835,0.9081632494926453,0.9196428060531616,0.22246822714805603
60,0.7993921041488647,0.7989097833633423,0.4869897961616516,0.9081632494926453,0.9196428656578064,0.21912245452404022
61,0.7933130860328674,0.793234646320343,0.45894894003868103,0.9081632494926453,0.8883928060531616,0.2165907323360443
62,0.7973657250404358,0.7965202927589417,0.4475526809692383,0.9132652878761292,0.8928570747375488,0.21412214636802673
63,0.8095238208770752,0.8101104497909546,0.4269734025001526,0.9234693646430969,0.870535671710968,0.21515879034996033
64,0.8186423778533936,0.8188096880912781,0.43561848998069763,0.918367326259613,0.928571343421936,0.21815401315689087
65,0.8125633001327515,0.8122012615203857,0.45239776372909546,0.918367326259613,0.928571343421936,0.2207876741886139
66,0.8277608752250671,0.8275089263916016,0.40321701765060425,0.9285714030265808,0.9062499403953552,0.21129311621189117
67,0.8318135738372803,0.8319145441055298,0.4275050759315491,0.9234693646430969,0.933035671710968,0.21159307658672333
68,0.8115501403808594,0.8111932277679443,0.45553773641586304,0.9234693646430969,0.901785671710968,0.21299730241298676
69,0.8156028389930725,0.8155988454818726,0.43306764960289,0.9285714030265808,0.9374999403953552,0.22127996385097504
70,0.8176291584968567,0.8176149725914001,0.4812414050102234,0.9285714030265808,0.9062499403953552,0.2165873795747757
71,0.8095238208770752,0.809177041053772,0.43752044439315796,0.9336734414100647,0.9419642090797424,0.21637587249279022
72,0.8368794322013855,0.8360214829444885,0.4464148283004761,0.9285714030265808,0.9062499403953552,0.2162519246339798
73,0.8074974417686462,0.8075343370437622,0.47006574273109436,0.9285714030265808,0.9374999403953552,0.21267814934253693
74,0.8328267335891724,0.8329225778579712,0.3706133961677551,0.9285714030265808,0.9374999403953552,0.2116807997226715
75,0.8277608752250671,0.826948881149292,0.4380844235420227,0.9285714030265808,0.90625,0.2114568054676056
76,0.8449848294258118,0.8453927040100098,0.3939330577850342,0.9387755393981934,0.9464284777641296,0.21365904808044434
77,0.8196555376052856,0.8196310997009277,0.4332425594329834,0.9336734414100647,0.9419642090797424,0.21505668759346008
78,0.8145896792411804,0.8153374791145325,0.4553658664226532,0.9336734414100647,0.9419642090797424,0.2144814282655716
79,0.8399189710617065,0.8394190073013306,0.4387159049510956,0.9336734414100647,0.9419642090797424,0.21602313220500946
80,0.8389057517051697,0.839344322681427,0.38854530453681946,0.9336734414100647,0.9419642090797424,0.21610604226589203
81,0.8328267335891724,0.8331092596054077,0.4231087565422058,0.9336734414100647,0.9419642090797424,0.21611902117729187
82,0.8247213959693909,0.8244847059249878,0.435721755027771,0.9336734414100647,0.9419642686843872,0.2159867137670517
83,0.8216818571090698,0.8214605450630188,0.43355581164360046,0.9336734414100647,0.9107142090797424,0.2156291902065277
84,0.8155242204666138,0.815524160861969,0.4111853241920471,0.9336734414100647,0.9419642090797424,0.21461516618728638
85,0.8145896792411804,0.8138440251350403,0.4233933389186859,0.9336734414100647,0.9419642686843872,0.21418188512325287
86,0.8125633001327515,0.8127613067626953,0.4548458456993103,0.9336734414100647,0.9419642686843872,0.21450671553611755
