epoch,accuracy,f1,loss,val_accuracy,val_f1,val_loss
0,0.4753401279449463,0.477272629737854,1.201232671737671,0.5,0.5546874403953552,0.7461966872215271
1,0.5204081535339355,0.5204424858093262,1.076014757156372,0.5299999713897705,0.5781249403953552,0.7322601079940796
2,0.5297619104385376,0.5301826000213623,1.0184941291809082,0.5600000023841858,0.5468749403953552,0.7257863879203796
3,0.5382652878761292,0.537638247013092,1.0039476156234741,0.6700000166893005,0.6874999403953552,0.6218868494033813
4,0.5705782175064087,0.5725107192993164,0.9233115315437317,0.699999988079071,0.7109374403953552,0.5791835784912109
5,0.5620748400688171,0.5612072348594666,0.897307813167572,0.6700000166893005,0.6328124403953552,0.6028946042060852
6,0.5918367505073547,0.5921115875244141,0.8571128845214844,0.7699999809265137,0.7656249403953552,0.536882758140564
7,0.6003401279449463,0.599567174911499,0.8138233423233032,0.8199999928474426,0.8593749403953552,0.5011464953422546
8,0.6267006993293762,0.6261423826217651,0.7711127996444702,0.8100000023841858,0.8515624403953552,0.47321441769599915
9,0.636904776096344,0.6381673812866211,0.7577041387557983,0.8399999737739563,0.8749999403953552,0.45127514004707336
10,0.6335033774375916,0.634800374507904,0.7473198771476746,0.8199999928474426,0.8593749403953552,0.47074902057647705
11,0.6700680255889893,0.6709957122802734,0.6707846522331238,0.8700000047683716,0.8984374403953552,0.4605589807033539
12,0.6751700639724731,0.6765272617340088,0.6946471333503723,0.8399999737739563,0.8749999403953552,0.41030871868133545
13,0.6785714030265808,0.6784512400627136,0.6934340000152588,0.8399999737739563,0.8749999403953552,0.41383567452430725
14,0.6760203838348389,0.6754447817802429,0.6225361824035645,0.8299999833106995,0.8671874403953552,0.42960089445114136
15,0.6938775777816772,0.694564700126648,0.61497563123703,0.8100000023841858,0.8515624403953552,0.3990113437175751
16,0.7091836929321289,0.7111590504646301,0.6012464165687561,0.8399999737739563,0.8749999403953552,0.3994158208370209
17,0.7227891087532043,0.722703218460083,0.5560762286186218,0.8500000238418579,0.8828124403953552,0.37915587425231934
18,0.7151360511779785,0.7151274681091309,0.5682752132415771,0.8399999737739563,0.8749999403953552,0.35867026448249817
19,0.7244898080825806,0.7229436039924622,0.5895004272460938,0.8399999737739563,0.8749999403953552,0.345087468624115
20,0.7389456033706665,0.736772358417511,0.5784516930580139,0.9200000166893005,0.9374999403953552,0.32153642177581787
21,0.7185373902320862,0.7170514464378357,0.6037830114364624,0.9200000166893005,0.9374999403953552,0.301522433757782
22,0.7355442047119141,0.7358105182647705,0.5384268760681152,0.9100000262260437,0.9296874403953552,0.30369850993156433
23,0.7448979616165161,0.7450697422027588,0.5292611718177795,0.8700000047683716,0.8984374403953552,0.3240864872932434
24,0.7534013390541077,0.7525250911712646,0.5314064025878906,0.8799999952316284,0.9062499403953552,0.31671610474586487
25,0.7585033774375916,0.7566136717796326,0.5012654066085815,0.8799999952316284,0.9062499403953552,0.3034946024417877
26,0.7763605713844299,0.7747713923454285,0.475615531206131,0.9200000166893005,0.9374999403953552,0.31218987703323364
27,0.7491496801376343,0.7483164072036743,0.5410706400871277,0.9200000166893005,0.9374999403953552,0.283640593290329
28,0.759353756904602,0.759379506111145,0.5060240030288696,0.9300000071525574,0.9453124403953552,0.2718327045440674
29,0.7687074542045593,0.7700817584991455,0.4745367169380188,0.949999988079071,0.9609375,0.25522854924201965
30,0.7576530575752258,0.7586579918861389,0.5176975727081299,0.9300000071525574,0.9453124403953552,0.26646092534065247
31,0.7670068144798279,0.767436146736145,0.4976165294647217,0.9300000071525574,0.9453125,0.26216748356819153
32,0.7789115905761719,0.7777777314186096,0.4608360826969147,0.9599999785423279,0.96875,0.2637794017791748
33,0.7568027377128601,0.7563731670379639,0.5047990679740906,0.949999988079071,0.9609375,0.24744829535484314
34,0.7704081535339355,0.769841194152832,0.4857839345932007,0.949999988079071,0.9609375,0.25917819142341614
35,0.7823129296302795,0.7825877070426941,0.4384230971336365,0.9599999785423279,0.96875,0.2520830035209656
36,0.773809552192688,0.7741702198982239,0.48234930634498596,0.9599999785423279,0.96875,0.256384015083313
37,0.773809552192688,0.7746512293815613,0.4645617604255676,0.9599999785423279,0.96875,0.2415669858455658
38,0.8035714030265808,0.804593563079834,0.4544525146484375,0.9599999785423279,0.96875,0.23461021482944489
39,0.7874149680137634,0.7871572971343994,0.43268680572509766,0.9599999785423279,0.96875,0.2358221858739853
40,0.7823129296302795,0.7816256880760193,0.47023019194602966,0.9700000286102295,0.9765625,0.2241189330816269
41,0.7942177057266235,0.7948532700538635,0.4304957687854767,0.9599999785423279,0.96875,0.22444690763950348
42,0.7891156673431396,0.789321780204773,0.44455885887145996,0.9700000286102295,0.9765625,0.20173420011997223
43,0.7857142686843872,0.7854737043380737,0.4385167956352234,0.9200000166893005,0.9375,0.26492613554000854
44,0.8001700639724731,0.8007454872131348,0.41531679034233093,0.9399999976158142,0.953125,0.2561958432197571
45,0.7984693646430969,0.798099935054779,0.43595269322395325,0.9599999785423279,0.96875,0.2636602520942688
46,0.7976190447807312,0.7972581386566162,0.43704676628112793,0.9800000190734863,0.984375,0.23384341597557068
47,0.7916666865348816,0.792809009552002,0.42198899388313293,0.9700000286102295,0.9765625,0.2334405928850174
48,0.793367326259613,0.7940114736557007,0.4371425211429596,0.9800000190734863,0.984375,0.2191486358642578
49,0.8061224222183228,0.805194616317749,0.41556763648986816,0.9700000286102295,0.9765625,0.18414367735385895
50,0.8120748400688171,0.8106060028076172,0.40419700741767883,0.9700000286102295,0.9765625,0.18328814208507538
51,0.8095238208770752,0.8080807328224182,0.42360249161720276,0.9700000286102295,0.9765625,0.19344404339790344
52,0.7984693646430969,0.7976189851760864,0.44151902198791504,0.9800000190734863,0.984375,0.2088758498430252
53,0.8095238208770752,0.8104857206344604,0.41954487562179565,0.9800000190734863,0.984375,0.21618644893169403
54,0.7942177057266235,0.7938912510871887,0.4501112401485443,0.9800000190734863,0.984375,0.22690780460834503
55,0.8188775777816772,0.8197450637817383,0.3977443277835846,0.9700000286102295,0.9765625,0.20671449601650238
56,0.8188775777816772,0.8197449445724487,0.386922687292099,0.9700000286102295,0.9765625,0.17573225498199463
57,0.8163265585899353,0.8162577748298645,0.40514054894447327,0.9700000286102295,0.9765625,0.191652312874794
58,0.8086734414100647,0.8086819648742676,0.40827810764312744,0.9700000286102295,0.9765625,0.20350433886051178
59,0.8120748400688171,0.8115679621696472,0.39540332555770874,0.9700000286102295,0.9765625,0.1825881451368332
60,0.8095238208770752,0.8090428113937378,0.4233928322792053,0.9700000286102295,0.9765625,0.1755448281764984
61,0.8273809552192688,0.8252764940261841,0.3992770314216614,0.9700000286102295,0.9765625,0.1882474571466446
62,0.8222789168357849,0.8221499919891357,0.3886215090751648,0.9700000286102295,0.9765625,0.18971151113510132
63,0.8188775777816772,0.8197450041770935,0.392971932888031,0.9700000286102295,0.9765625,0.18985357880592346
64,0.8095238208770752,0.8090426921844482,0.3975893259048462,0.9599999785423279,0.96875,0.19257061183452606
65,0.829081654548645,0.8298460841178894,0.38853543996810913,0.9599999785423279,0.96875,0.2047450691461563
66,0.8375850319862366,0.8377825021743774,0.3653806447982788,0.9700000286102295,0.9765625,0.20744173228740692
67,0.8180271983146667,0.8174601793289185,0.38226544857025146,0.9700000286102295,0.9765625,0.20270438492298126
68,0.8120748400688171,0.8125300407409668,0.39656373858451843,0.9700000286102295,0.9765625,0.1971839964389801
69,0.8154761791229248,0.8139729499816895,0.3785362243652344,0.9700000286102295,0.9765625,0.19196614623069763
70,0.8265306353569031,0.8278017044067383,0.3833705186843872,0.9700000286102295,0.9765625,0.19018524885177612
71,0.8401360511779785,0.8393458127975464,0.38769277930259705,0.9700000286102295,0.9765625,0.19003315269947052
72,0.819727897644043,0.8186628222465515,0.3692527711391449,0.9700000286102295,0.9765625,0.18745216727256775
73,0.8282312750816345,0.8270801901817322,0.38512229919433594,0.9700000286102295,0.9765625,0.1848028302192688
74,0.8435373902320862,0.8436747193336487,0.3688889145851135,0.9700000286102295,0.9765625,0.18629096448421478
75,0.8112244606018066,0.8116881847381592,0.39384931325912476,0.9700000286102295,0.9765625,0.1867668777704239
76,0.8095238208770752,0.8100047707557678,0.4070114493370056,0.9700000286102295,0.9765625,0.18646633625030518
