epoch,accuracy,f1,loss,val_accuracy,val_f1,val_loss
0,0.5170068144798279,0.5165944695472717,1.1714376211166382,0.6100000143051147,0.6953124403953552,0.6525208950042725
1,0.5382652878761292,0.5386002063751221,1.1340644359588623,0.5699999928474426,0.6640624403953552,0.6681952476501465
2,0.5357142686843872,0.5346320271492004,1.1113024950027466,0.6299999952316284,0.7109374403953552,0.6958732008934021
3,0.5263605713844299,0.5277776718139648,1.1062405109405518,0.6600000262260437,0.7343749403953552,0.6774843335151672
4,0.569727897644043,0.5702260136604309,0.9824618101119995,0.6700000166893005,0.6874999403953552,0.6651285290718079
5,0.579081654548645,0.5775612592697144,0.9590871334075928,0.6499999761581421,0.6718749403953552,0.7041964530944824
6,0.5935373902320862,0.5928331613540649,0.9021435976028442,0.6100000143051147,0.6953124403953552,0.671782910823822
7,0.6113945841789246,0.609066903591156,0.8931702971458435,0.6700000166893005,0.7421874403953552,0.6242231130599976
8,0.5943877696990967,0.593193769454956,0.8962925672531128,0.6600000262260437,0.7343749403953552,0.5736215710639954
9,0.6411564350128174,0.6409329771995544,0.8132379651069641,0.6899999976158142,0.7578124403953552,0.5385848879814148
10,0.6258503198623657,0.6243385672569275,0.8302647471427917,0.7200000286102295,0.7812499403953552,0.5283661484718323
11,0.6624149680137634,0.6600528955459595,0.7667126655578613,0.7799999713897705,0.8281249403953552,0.46393200755119324
12,0.6547619104385376,0.6539201140403748,0.8311527371406555,0.8299999833106995,0.8671874403953552,0.4484153389930725
13,0.6692177057266235,0.6691918969154358,0.7512736320495605,0.75,0.8046874403953552,0.48540034890174866
14,0.6879251599311829,0.6881914734840393,0.7109596729278564,0.6800000071525574,0.6953124403953552,0.5601914525032043
15,0.6632652878761292,0.663780689239502,0.7532739639282227,0.7699999809265137,0.8203124403953552,0.46009719371795654
16,0.6768707633018494,0.6767675876617432,0.7331541180610657,0.75,0.8046874403953552,0.46875935792922974
17,0.7023809552192688,0.702501118183136,0.6705573797225952,0.699999988079071,0.7656249403953552,0.490662157535553
18,0.6598639488220215,0.6599326133728027,0.7444667220115662,0.8299999833106995,0.8671874403953552,0.39812710881233215
19,0.7176870703697205,0.7157286405563354,0.6440414190292358,0.8700000047683716,0.8984374403953552,0.3694283366203308
20,0.6972789168357849,0.697931706905365,0.6818592548370361,0.8700000047683716,0.8984374403953552,0.3472217619419098
21,0.7202380895614624,0.7192158699035645,0.640561580657959,0.8700000047683716,0.8984374403953552,0.3547472357749939
22,0.7355442047119141,0.7362914681434631,0.5985334515571594,0.8299999833106995,0.8671874403953552,0.38328665494918823
23,0.728741466999054,0.7281143665313721,0.5852440595626831,0.8399999737739563,0.8749999403953552,0.382646381855011
24,0.7312925457954407,0.7306397557258606,0.5769909620285034,0.7900000214576721,0.8359374403953552,0.38937312364578247
25,0.738095223903656,0.7378545999526978,0.5763183832168579,0.8700000047683716,0.8984375,0.3565788269042969
26,0.7431972622871399,0.7433861494064331,0.5560049414634705,0.8700000047683716,0.8984375,0.3468393087387085
27,0.7559523582458496,0.7564934492111206,0.5829797983169556,0.8700000047683716,0.8984375,0.3515107333660126
28,0.738095223903656,0.7368925213813782,0.5681118965148926,0.8100000023841858,0.8515624403953552,0.3766600489616394
29,0.7346938848495483,0.7368926405906677,0.5596094727516174,0.8500000238418579,0.8828125,0.3516995906829834
30,0.7551020383834839,0.7561326622962952,0.5732039213180542,0.8700000047683716,0.8984375,0.3440115451812744
31,0.7372449040412903,0.7355698943138123,0.5525196194648743,0.8600000143051147,0.8906249403953552,0.3462010324001312
32,0.7551020383834839,0.7537276744842529,0.5719761252403259,0.8899999856948853,0.9140625,0.3434426486492157
33,0.75,0.7491580843925476,0.5399388074874878,0.8899999856948853,0.9140625,0.33618664741516113
34,0.7678571343421936,0.7682778835296631,0.504422128200531,0.8999999761581421,0.921875,0.32040485739707947
35,0.7636054158210754,0.7631072402000427,0.5299809575080872,0.8700000047683716,0.8984375,0.3436349034309387
36,0.7729591727256775,0.7714044451713562,0.5102325677871704,0.8700000047683716,0.8984375,0.33842581510543823
37,0.7874149680137634,0.7881191968917847,0.4892486333847046,0.8899999856948853,0.9140625,0.3213094472885132
38,0.7797619104385376,0.7800624370574951,0.5076571702957153,0.8700000047683716,0.8984375,0.34994277358055115
39,0.7763605713844299,0.7752524614334106,0.49238020181655884,0.8500000238418579,0.8828124403953552,0.34920749068260193
40,0.7644557952880859,0.765392005443573,0.49833622574806213,0.9100000262260437,0.9296874403953552,0.3211131989955902
41,0.771258533000946,0.7706828117370605,0.5141627788543701,0.8899999856948853,0.9140625,0.3322935402393341
42,0.7695578336715698,0.7699615359306335,0.5079370141029358,0.8700000047683716,0.8984374403953552,0.34521418809890747
43,0.7806122303009033,0.7804232835769653,0.4831070601940155,0.8899999856948853,0.9140625,0.34299999475479126
44,0.7763605713844299,0.7752524018287659,0.4803253412246704,0.8999999761581421,0.921875,0.32234010100364685
45,0.7772108912467957,0.7789801955223083,0.49091047048568726,0.9100000262260437,0.9296875,0.31873756647109985
46,0.7942177057266235,0.7943722009658813,0.4728780686855316,0.9100000262260437,0.9296875,0.32017308473587036
47,0.771258533000946,0.7706829309463501,0.4718433916568756,0.9100000262260437,0.9296875,0.3192826211452484
48,0.7874149680137634,0.7895621657371521,0.5074316263198853,0.9100000262260437,0.9296875,0.31927263736724854
49,0.7857142686843872,0.7854738235473633,0.4659114480018616,0.8999999761581421,0.9218749403953552,0.3208140432834625
50,0.7789115905761719,0.7787396907806396,0.4661524295806885,0.8999999761581421,0.9218749403953552,0.3237835168838501
51,0.7823129296302795,0.7806636691093445,0.4864310920238495,0.8999999761581421,0.9218749403953552,0.324837327003479
52,0.8001700639724731,0.79978346824646,0.45471689105033875,0.8999999761581421,0.9218749403953552,0.3254145383834839
53,0.7746598720550537,0.7745309472084045,0.4703925549983978,0.8899999856948853,0.9140624403953552,0.326566606760025
54,0.7840136289596558,0.784271240234375,0.4846595227718353,0.8899999856948853,0.9140624403953552,0.3262709081172943
